95 49
39 93
92 12
20 45
50 35
34 19
36 92
11 71
55 44
33 14
63 69
8 35
50 57
23 66
92 49
82 48
92 7
11 17
85 48
72 57
36 74
39 71
70 89
68 96
95 41
4 25
26 7
96 30
81 72
26 25
40 52
19 68
1 55
39 53
45 41
63 53
38 82
71 26
11 40
18 90
39 74
41 2
79 15
17 94
66 31
13 12
38 13
46 45
83 16
83 41
13 4
78 93
60 60
2 57
61 76
76 58
68 8
40 41
3 86
66 84
43 38
29 54
8 77
20 6
18 46
55 66
24 31
76 48
9 57
15 44
55 84
60 62
9 3
27 88
40 91
30 87
41 38
43 72
72 56
96 34
90 96
48 1
36 10
32 6
63 29
49 14
67 48
51 95
22 67
76 88
37 50
18 98
92 6
7 95
62 11
69 69
14 3
3 90
55 51
71 2
